image: /home/yk/catkin_ws/src/navitest/map/E3010322.pgm
resolution: 0.050000
origin: [-13.800000, -12.200000, 0.000000]
negate: 0
occupied_thresh: 0.65
free_thresh: 0.196

