image: /home/rg-tb01/catkin_ws/src/navitest/map/navitest2016.pgm
resolution: 0.050000
origin: [-23.400000, -13.800000, 0.000000]
negate: 0
occupied_thresh: 0.65
free_thresh: 0.196

